5

3 3
2 -3 3 -10

3 3
5 -15 10 -2

3 0 
3 -2 -1 5

10 10
2 -90 1740 -18900 126546 -538650 1447360 -2345400 2053155 -725761 100

10 10 
2 -90 1740 -18900 126546 -538650 1447360 -2345400 2053155 -725754 300

25 0
13 -3900 553150 -49335000 3104536435 -146598952489 5393810677310 -158485924555035 3781526828146705 -74107621800152094 1201809837176895250 -16200600670290525070 181882283838330758345 -1700022024460332024309 13194291352640665013890 -84608886134543298525848 444843019929846626764075 -1896724629369607551355054 6459831570852208395172330 -17208281414802314319128529 34807539548330824171320837 -51175291607525787385230304 51031432497908236589953020 -30456229065966726361991568 8065827884436008211987840 300

