1
15
0.2 0.015 0.014 0.09 0.06 0.07 0.1 0.016 0.03 0.05 0.08 0.2 0.025 0.02 0.03
0.016 0.015 0.025 0.02 0.05 0.2 0.014 0.07 0.09 0.03 0.2 0.08 0.03 0.1 0.06
0.07 0.1 0.016 0.06 0.014 0.02 0.025 0.2 0.08 0.2 0.03 0.09 0.03 0.015 0.05
0.03 0.014 0.025 0.1 0.03 0.2 0.06 0.07 0.09 0.05 0.015 0.02 0.08 0.016 0.2
0.025 0.2 0.09 0.03 0.03 0.014 0.05 0.07 0.06 0.015 0.016 0.1 0.02 0.08 0.2
0.06 0.07 0.1 0.05 0.09 0.03 0.08 0.03 0.02 0.016 0.2 0.015 0.2 0.025 0.014
0.2 0.015 0.1 0.014 0.08 0.025 0.09 0.06 0.05 0.07 0.016 0.2 0.03 0.02 0.03
0.05 0.025 0.06 0.015 0.02 0.03 0.08 0.07 0.014 0.1 0.09 0.03 0.2 0.2 0.016
0.025 0.03 0.2 0.03 0.06 0.015 0.014 0.09 0.1 0.05 0.016 0.02 0.08 0.2 0.07
0.03 0.06 0.05 0.07 0.09 0.1 0.015 0.025 0.08 0.016 0.2 0.014 0.03 0.02 0.2
0.03 0.09 0.07 0.1 0.05 0.02 0.2 0.014 0.2 0.06 0.025 0.08 0.016 0.03 0.015
0.09 0.025 0.014 0.03 0.07 0.2 0.02 0.2 0.05 0.1 0.016 0.08 0.03 0.06 0.015
0.015 0.03 0.014 0.1 0.03 0.09 0.025 0.016 0.02 0.08 0.05 0.06 0.2 0.07 0.2
0.1 0.07 0.016 0.08 0.015 0.2 0.09 0.02 0.03 0.03 0.025 0.06 0.05 0.014 0.2
0.03 0.2 0.08 0.2 0.014 0.07 0.015 0.05 0.02 0.1 0.016 0.025 0.03 0.09 0.06
