1000
30998
11949
10642
16915
17718
1911
25535
7787
5863
18000
22636
30352
2877
15414
18248
9440
9006
25920
28499
9169
2847
29653
13292
2688
9413
19620
24627
19658
10013
11662
31740
8687
10434
30280
19584
21664
29220
11388
23281
10026
3612
11281
25226
16201
26573
29016
13727
13939
29335
22222
528
12027
16086
26873
30251
26488
29533
22696
18741
16597
25466
12492
4933
14761
20738
16297
14938
15839
16164
25803
25259
3877
548
1748
10544
15409
26462
26963
25996
31854
14369
27581
12915
21824
19075
5539
26759
11812
13159
26348
2373
13160
638
28831
22139
1603
25966
29313
1050
26033
23879
26072
9207
24618
3862
29145
549
20413
14995
23272
25804
23281
2131
6862
1575
5014
23302
29053
3557
31352
24749
23955
13989
2029
27595
11912
7734
8992
20888
22971
28656
26790
28781
5484
20031
15480
12487
12166
8327
5334
28165
26131
23984
6010
21516
13560
15664
23556
18046
26445
8337
25133
26144
28227
23224
13631
24760
29155
5012
31479
32377
13415
29034
24538
6149
26505
26804
6891
9707
6735
25005
10612
30516
3328
10844
5707
10801
29691
7014
12221
30772
21011
26809
29005
3341
6517
28846
22716
27395
6016
21543
27630
20688
27671
28908
13451
11099
19159
9419
2309
24864
11853
458
24424
14238
29631
13160
25416
29078
5048
31008
21360
28406
22612
15942
8945
16801
946
30947
2425
2816
30187
19522
22275
30787
24297
17605
15119
12746
18121
18796
13039
2453
32228
26358
13770
30122
2729
28949
24490
14524
18186
19444
21811
13009
32343
22139
21861
13215
26360
3127
1517
26280
4944
7204
19503
12113
9297
27384
1726
29198
15292
24546
22555
8741
22790
26734
6436
29260
2136
1656
20497
28
6271
30414
19871
24154
17108
19234
12301
26316
12728
11604
28845
13339
11482
25184
8380
20545
32676
1209
19564
19286
26509
14082
23843
15213
21871
11554
3528
6634
29931
461
21049
28871
27014
32264
282
11848
11399
13864
7212
10205
11979
27943
10858
32048
25115
1483
29123
30009
121
35
19328
2561
29862
20391
17399
10127
20566
19589
17338
22551
12347
19738
940
12619
9803
18316
24412
16801
14923
12727
15008
27420
30413
18157
22842
28147
6317
21887
20650
25201
9469
25039
7016
17623
5367
7401
975
22630
4079
14497
32718
12869
31337
12899
1828
18357
10239
13281
28457
22575
23256
15364
25769
16469
93
14142
548
8840
25146
15990
2912
3590
19918
9204
9036
20470
26957
12125
16920
458
28807
3998
1292
22808
2675
20539
5482
8078
17608
18799
5095
2881
2826
28572
2465
1885
22867
3754
19090
29074
10074
23082
5493
30592
21652
12856
8458
4439
10645
9009
25648
11553
31277
3872
23809
14448
25657
8795
19799
6032
29558
10778
26950
6817
21483
6340
30141
1081
17720
2104
17892
5376
3800
29611
18225
19129
11994
1335
14349
17736
31217
28622
25577
21918
4021
18461
3126
2472
2084
3666
15208
4668
30726
1679
20010
11874
15203
23501
12582
12530
8963
11672
27978
15790
29558
27793
17589
20157
8826
13209
23758
22235
4417
26132
13033
1644
32326
9230
7596
10119
27888
27833
6626
29074
9341
28271
15077
7524
11161
10321
5172
1446
5685
12845
31625
16232
10637
25361
22145
19353
26915
19356
8172
15175
12803
3891
9422
25484
14321
2248
13389
28226
1365
15179
6954
18231
32668
27711
9420
6097
3473
1787
1436
19657
24788
15764
20003
5041
18406
6284
18213
14771
26902
5740
26774
9576
25144
10429
31521
16840
31231
24206
29450
21445
23125
16467
6770
28092
22512
7394
15500
14776
27322
4703
26934
20994
29622
4025
5037
25509
18744
21496
26175
19355
11545
8842
18484
3357
13344
25243
4653
7652
19719
25342
10175
14939
23860
9631
31123
19334
3652
32031
4040
7760
18367
13773
26805
13437
9021
14332
116
9364
21663
3998
5299
30395
13844
27722
8319
19525
15417
17897
11802
21456
31816
11567
578
19440
883
5455
29018
22311
370
8098
25473
13910
24777
5441
2674
9075
5303
8672
24065
2866
10423
616
18773
8325
436
7118
5478
32217
25321
31475
22225
27646
27811
5519
7669
29072
11697
4767
7516
28944
10903
5996
13222
13613
10553
13436
21047
24684
24748
605
29241
26034
19096
24056
16787
23653
27034
17114
28478
24245
2707
30329
4561
4726
31854
17478
14079
14424
22936
26179
32559
22404
25773
31307
11846
30683
26291
28361
5471
30056
12941
7419
28893
1592
11130
6503
22528
14966
5364
31257
29085
17012
20628
2624
23939
10128
23887
22766
26428
17391
27888
24162
24641
21037
13860
19327
9578
6363
32021
4448
9002
28466
939
7340
18683
26395
15562
32601
29273
9870
10722
21931
11278
6367
19933
31783
23488
19356
28161
25452
28666
22243
2883
3161
15350
265
28855
2580
19314
21577
29754
17690
21462
306
10846
24330
13142
4786
29888
12962
18426
31462
16576
17303
21414
18821
24398
3397
29278
12419
19575
24080
27923
28827
27749
26784
22502
12964
16271
8828
21286
19249
22401
29624
31491
70
26244
30749
15176
27417
8615
3759
5839
14021
26253
5562
22870
17629
1323
16374
31299
21208
17986
25765
2239
31123
15721
10480
16903
17404
19752
31880
7227
1919
13372
9982
25443
24139
6208
29325
6871
10065
3413
5606
29795
23876
24264
10454
22301
12876
18960
29726
25499
381
31225
11037
10072
23996
13512
19382
18472
17846
2499
10568
13029
15222
14031
22213
25872
18491
13070
14371
30607
6574
11146
5767
22849
17495
22226
22559
1022
31866
445
32202
32364
11871
19207
9556
19363
30635
19980
17787
22292
16825
9486
19067
15799
11266
29533
12445
21916
31213
22983
27271
20894
3739
6048
24266
12969
12000
434
28184
16557
27565
11662
23671
6009
32513
1382
23524
20531
7053
3327
17587
16978
16190
24641
21535
5632
27173
26360
29909
28727
5763
17659
19248
19587
31709
20589
4567
7651
3534
23157
23881
6225
30591
29642
5945
3917
25232
4580
29999
16634
28643
14478
11659
6974
24802
9965
7992
10921
12943
17625
19130
26396
5701
20135
2586
27017
13426
15790
12736
21022
16004
29014
30755
25004
10054
22622
8925
19813
2551
5700
11900
6995
29479
27665
1210
6231
24666
18980
6849
22071
10172
29795
18717
13186
29092
25027
26994
25980
32758
31564
21690
29023
31836
31197
7454
27920
16974
16693
32199
8854
