1 1 
1 2 1 
1 4 2 1 
1 7 5 2 1 
1 12 11 5 2 1 
1 20 23 12 5 2 1 
1 33 47 27 12 5 2 1 
1 54 94 59 28 12 5 2 1 
1 88 185 127 63 28 12 5 2 1 
1 143 360 269 139 64 28 12 5 2 1 
1 232 694 563 303 143 64 28 12 5 2 1 
1 376 1328 1167 653 315 144 64 28 12 5 2 1 
1 609 2526 2400 1394 687 319 144 64 28 12 5 2 1 
1 986 4781 4903 2953 1485 699 320 144 64 28 12 5 2 1 
1 1596 9012 9960 6215 3186 1519 703 320 144 64 28 12 5 2 1 
1 2583 16929 20135 13008 6792 3277 1531 704 320 144 64 28 12 5 2 1 
1 4180 31709 40534 27095 14401 7026 3311 1535 704 320 144 64 28 12 5 2 1 
1 6764 59247 81300 56201 30391 14984 7117 3323 1536 704 320 144 64 28 12 5 2 1 
1 10945 110469 162538 116143 63872 31808 15218 7151 3327 1536 704 320 144 64 28 12 5 2 1 
1 17710 205606 324020 239231 133751 67249 32392 15309 7163 3328 1536 704 320 144 64 28 12 5 2 1 
1 28656 382087 644282 491326 279177 141671 68672 32626 15343 7167 3328 1536 704 320 144 64 28 12 5 2 1 
1 46367 709108 1278152 1006420 581040 297504 145072 69256 32717 15355 7168 3328 1536 704 320 144 64 28 12 5 2 1 
1 75024 1314512 2530407 2056633 1206151 622967 305505 146496 69490 32751 15359 7168 3328 1536 704 320 144 64 28 12 5 2 1 
1 121392 2434364 5000178 4193706 2497895 1301129 641543 308912 147080 69581 32763 15360 7168 3328 1536 704 320 144 64 28 12 5 2 1 
1 196417 4504352 9863763 8534653 5161982 2711216 1343776 649568 310336 147314 69615 32767 15360 7168 3328 1536 704 320 144 64 28 12 5 2 1 
1 317810 8328253 19427976 17337764 10646564 5637512 2808183 1362433 652976 310920 147405 69627 32768 15360 7168 3328 1536 704 320 144 64 28 12 5 2 1 
1 514228 15388362 38211861 35162804 21919161 11699567 5856137 2851079 1370464 654400 311154 147439 69631 32768 15360 7168 3328 1536 704 320 144 64 28 12 5 2 1 
1 832039 28417385 75059535 71205504 45052841 24237095 12188848 5953824 2869760 1373872 654984 311245 147451 69632 32768 15360 7168 3328 1536 704 320 144 64 28 12 5 2 1 
1 1346268 52451811 147263905 143990366 92461171 50128078 25324936 12409463 5996801 2877792 1375296 655218 311279 147455 69632 32768 15360 7168 3328 1536 704 320 144 64 28 12 5 2 1 
1 2178308 96771787 288609341 290795624 189489255 103520292 52532592 25819529 12507399 6015488 2881200 1375880 655309 311291 147456 69632 32768 15360 7168 3328 1536 704 320 144 64 28 12 5 2 1 
1 3524577 178473023 565047233 586566102 387830160 213482425 108807215 53634224 26040864 12550400 6023520 2882624 1376114 655343 311295 147456 69632 32768 15360 7168 3328 1536 704 320 144 64 28 12 5 2 1 
1 5702886 329042890 1105229439 1181834852 792810956 439677353 225051895 111246728 54130807 26138881 12569088 6026928 2883208 1376205 655355 311296 147456 69632 32768 15360 7168 3328 1536 704 320 144 64 28 12 5 2 1 
1 9227464 606466009 2159947998 2378701408 1618840800 904440690 464885966 230425968 112353673 54352391 26181888 12577120 6028352 2883442 1376239 655359 311296 147456 69632 32768 15360 7168 3328 1536 704 320 144 64 28 12 5 2 1 
1 14930351 1117506500 4217784107 4782950337 3301999647 1858381917 959151652 476668976 232879280 112850976 54450432 26200576 12580528 6028936 2883533 1376251 655360 311296 147456 69632 32768 15360 7168 3328 1536 704 320 144 64 28 12 5 2 1 
1 24157816 2058718286 8230006378 9608407760 6728484340 3814435155 1976695225 984876287 482078088 233988215 113072641 54493440 26208608 12581952 6029170 2883567 1376255 655360 311296 147456 69632 32768 15360 7168 3328 1536 704 320 144 64 28 12 5 2 1 
1 39088168 3791918260 16047713699 19285505293 13697810219 7821579432 4069442729 2032638199 996746608 484536713 234485767 113170688 54512128 26212016 12582536 6029261 2883579 1376256 655360 311296 147456 69632 32768 15360 7168 3328 1536 704 320 144 64 28 12 5 2 1 
1 63245985 6983073398 31271145656 38677374866 27861387058 16023361580 8369533810 4190666446 2058576944 1002169520 485646368 234707456 113213696 54520160 26213440 12582770 6029295 2883583 1376256 655360 311296 147456 69632 32768 15360 7168 3328 1536 704 320 144 64 28 12 5 2 1 
1 102334154 12857867761 60899086692 77508581136 56623143088 32796799648 17197465692 8631352356 4247127296 2070482312 1004630135 486144001 234805504 113232384 54523568 26214024 12582861 6029307 2883584 1376256 655360 311296 147456 69632 32768 15360 7168 3328 1536 704 320 144 64 28 12 5 2 1 
1 165580140 23671947588 118530828528 155213040351 114986008032 67073296799 35305957705 17761225913 8753813759 4273153392 2075910537 1005740039 486365696 234848512 113240416 54524992 26214258 12582895 6029311 2883584 1376256 655360 311296 147456 69632 32768 15360 7168 3328 1536 704 320 144 64 28 12 5 2 1 
1 267914295 43576134733 230579781004 310605791887 233332003680 137065478901 72422483051 36516465833 18025971447 8810488880 4285072560 2078371872 1006237696 486463744 234867200 113243824 54525576 26214349 12582907 6029312 2883584 1376256 655360 311296 147456 69632 32768 15360 7168 3328 1536 704 320 144 64 28 12 5 2 1 
1 433494436 80208284237 448327161264 621169013661 473150126658 279888504375 148443240200 75014916978 37087083726 18148951296 8836550024 4290502775 2079481857 1006459392 486506752 234875232 113245248 54525810 26214383 12582911 6029312 2883584 1376256 655360 311296 147456 69632 32768 15360 7168 3328 1536 704 320 144 64 28 12 5 2 1 
1 701408732 147621946699 871297059404 1241491266941 958814704156 571133230471 304037522924 153981747292 76241358628 37353068800 18205713776 8848474505 4292964359 2079979520 1006557440 486525440 234878640 113245832 54525901 26214395 12582912 6029312 2883584 1376256 655360 311296 147456 69632 32768 15360 7168 3328 1536 704 320 144 64 28 12 5 2 1 
1 1134903169 271674279965 1692572357929 2479846982584 1941762212578 1164664286846 622286551072 315843262792 156610925753 76814909183 37476262960 18231788720 8853905440 4294074368 2080201216 1006600448 486533472 234880064 113246066 54525935 26214399 12582912 6029312 2883584 1376256 655360 311296 147456 69632 32768 15360 7168 3328 1536 704 320 144 64 28 12 5 2 1 
1 1836311902 499938005338 3286620408630 4950694451681 3930036067936 2373501185584 1272815812255 647398057057 321465935017 157844241655 77081412864 37533060488 18243715191 8856367105 4294572032 2080299264 1006619136 486536880 234880648 113246157 54525947 26214400 12582912 6029312 2883584 1376256 655360 311296 147456 69632 32768 15360 7168 3328 1536 704 320 144 64 28 12 5 2 1 
1 2971215072 919935640735 6379458765901 9878231336787 7949662519648 4834113795456 2601758155253 1326123390667 659395398514 324111093710 158419032320 77204694384 37559140745 18249146375 8857477120 4294793728 2080342272 1006627168 486538304 234880882 113246191 54525951 26214400 12582912 6029312 2883584 1376256 655360 311296 147456 69632 32768 15360 7168 3328 1536 704 320 144 64 28 12 5 2 1 
1 4807526975 1692682829208 12378271947296 19700401991592 16071787256576 9840007183072 5315055000632 2714710207688 1351668633692 665054943012 325347344128 158685750320 77261505712 37571067936 18251608064 8857974784 4294891776 2080360960 1006630576 486538888 234880973 113246203 54525952 26214400 12582912 6029312 2883584 1376256 655360 311296 147456 69632 32768 15360 7168 3328 1536 704 320 144 64 28 12 5 2 1 
1 7778742048 3114392787184 24009732662891 39270286444421 32475350841151 20018735290305 10851765424531 5553965904748 2768994613576 1363750481081 667706981631 325922653440 158809066888 77287587959 37576499201 18252718080 8858196480 4294934784 2080368992 1006632000 486539122 234881007 113246207 54525952 26214400 12582912 6029312 2883584 1376256 655360 311296 147456 69632 32768 15360 7168 3328 1536 704 320 144 64 28 12 5 2 1 
1 12586269024 5729982472200 46555858101959 78244842748129 65588525283822 40705331556366 22144011294419 11356261838112 5669107491936 2794732348585 1369426022391 668944472320 326189458800 158865883529 77299515399 37578960896 18253215744 8858294528 4294953472 2080372400 1006632584 486539213 234881019 113246208 54525952 26214400 12582912 6029312 2883584 1376256 655360 311296 147456 69632 32768 15360 7168 3328 1536 704 320 144 64 28 12 5 2 1 
1 20365011073 10541865615568 90246228333855 155832851698481 132402352705359 82727412914033 45163349585918 23207665378719 11600059111105 5723827919730 2806851114958 1372080996096 669519995952 326312789168 158891966496 77304946688 37580070912 18253437440 8858337536 4294961504 2080373824 1006632818 486539247 234881023 113246208 54525952 26214400 12582912 6029312 2883584 1376256 655360 311296 147456 69632 32768 15360 7168 3328 1536 704 320 144 64 28 12 5 2 1 
1 32951280098 19394019617001 174887581402185 310228979841119 267156803852044 168050756947888 92066138963408 47402584528885 23723022576779 11716183298140 5749650288420 2812533538048 1373319005440 669786836360 326369607799 158903894017 77307408384 37580568576 18253535488 8858356224 4294964912 2080374408 1006632909 486539259 234881024 113246208 54525952 26214400 12582912 6029312 2883584 1376256 655360 311296 147456 69632 32768 15360 7168 3328 1536 704 320 144 64 28 12 5 2 1 
1 53316291172 35678453973794 338821572030123 617353125027222 538825079417096 341218984118192 187588835810560 96773631455288 48490287870536 23969023768904 11771096558777 5761785057279 2815189752064 1373894616432 669910172041 326395691015 158909325312 77308518400 37580790272 18253578496 8858364256 4294966336 2080374642 1006632943 486539263 234881024 113246208 54525952 26214400 12582912 6029312 2883584 1376256 655360 311296 147456 69632 32768 15360 7168 3328 1536 704 320 144 64 28 12 5 2 1 
1 86267571271 65634704217437 656253808609347 1228061989951496 1086296063651120 692525601283456 382046356478048 197472125598100 99065932802156 49010566849632 24085584868521 11796955863031 5767470415616 2816427975728 1374161470640 669966991392 326407618560 158911787008 77309016064 37580888320 18253597184 8858367664 4294966920 2080374733 1006632955 486539264 234881024 113246208 54525952 26214400 12582912 6029312 2883584 1376256 655360 311296 147456 69632 32768 15360 7168 3328 1536 704 320 144 64 28 12 5 2 1 
1 139583862444 120740129088331 1270771421002152 2442020216109631 2189146366387137 1404934780844960 777741643986369 402769908602591 202296330196000 100164583167680 49257552927602 24140582809550 11809097514240 5770127148288 2817003621768 1374284808311 669993074689 326413049856 158912897024 77309237760 37580931328 18253605216 8858369088 4294967154 2080374767 1006632959 486539264 234881024 113246208 54525952 26214400 12582912 6029312 2883584 1376256 655360 311296 147456 69632 32768 15360 7168 3328 1536 704 320 144 64 28 12 5 2 1 
1 225851433716 222106603570735 2460161353940907 4854305621588446 4409958460887891 2849059144432896 1582605115278605 821143108333651 412909104929695 204612888784001 100687071842396 49374306987812 24166458118144 11814784112896 5771365459312 2817270481289 1374341627911 670005002240 326415511552 158913394688 77309335808 37580950016 18253608624 8858369672 4294967245 2080374779 1006632960 486539264 234881024 113246208 54525952 26214400 12582912 6029312 2883584 1376256 655360 311296 147456 69632 32768 15360 7168 3328 1536 704 320 144 64 28 12 5 2 1 
1 365435296161 408567704447775 4761739925847496 9646284484817199 8880426437559625 5775353806972926 3219103493589859 1673396975583134 842426158443509 417786873131531 205716475328840 100934495173817 49429341870079 24178602704640 11817441059888 5771941119152 2817393819680 1374367711232 670010433536 326416621568 158913616384 77309378816 37580958048 18253610048 8858369906 4294967279 2080374783 1006632960 486539264 234881024 113246208 54525952 26214400 12582912 6029312 2883584 1376256 655360 311296 147456 69632 32768 15360 7168 3328 1536 704 320 144 64 28 12 5 2 1 
1 591286729878 751554020969286 9214647481188611 19162578779789084 17876352743895317 11702914150878688 6545296071418687 3408824269415760 1718018390612024 852683246004040 420114414199904 206239949780137 101051333930999 49455224061184 24184289821952 11818679405960 5772207980663 2817450639361 1374379638784 670012895232 326417119232 158913714432 77309397504 37580961456 18253610632 8858369997 4294967291 2080374784 1006632960 486539264 234881024 113246208 54525952 26214400 12582912 6029312 2883584 1376256 655360 311296 147456 69632 32768 15360 7168 3328 1536 704 320 144 64 28 12 5 2 1 
1 956722026040 1382454180421513 17828199894929942 38055225872653912 35972911619120498 23705757561471454 13303382081389824 6941327668460160 3502269396744596 1739560123273068 857585357821632 421220212726642 206487566118862 101106384818176 49467369888000 24186946856304 11819255071113 5772331319303 2817476722688 1374385070080 670014005248 326417340928 158913757440 77309405536 37580962880 18253610866 8858370031 4294967295 2080374784 1006632960 486539264 234881024 113246208 54525952 26214400 12582912 6029312 2883584 1376256 655360 311296 147456 69632 32768 15360 7168 3328 1536 704 320 144 64 28 12 5 2 1 
1 1548008755919 2542941341134736 34487081110911408 75552066108911200 72365128461851140 48002495576741980 27029580829855696 14129252363220576 7136805190342368 3547456801737248 1749870982818944 859917840846940 421744124559140 206604441819136 101132269944576 49473057219632 24188185216176 11819521933344 5772388139008 2817488650240 1374387531776 670014502912 326417438976 158913776128 77309408944 37580963464 18253610957 8858370043 4294967296 2080374784 1006632960 486539264 234881024 113246208 54525952 26214400 12582912 6029312 2883584 1376256 655360 311296 147456 69632 32768 15360 7168 3328 1536 704 320 144 64 28 12 5 2 1 
1 2504730781960 4677540829255414 66700601552621394 149952954676705200 145527595439764167 97169373456627032 54899294958665248 28750179867101889 14537745964871775 7231485357338527 3569116923965953 1754784091519304 861024625491129 421991825600511 206659499588864 101144416290048 49475714289032 24188760883319 11819645272065 5772414222336 2817494081536 1374388641792 670014724608 326417481984 158913784160 77309410368 37580963698 18253610991 8858370047 4294967296 2080374784 1006632960 486539264 234881024 113246208 54525952 26214400 12582912 6029312 2883584 1376256 655360 311296 147456 69632 32768 15360 7168 3328 1536 704 320 144 64 28 12 5 2 1 
1 4052739537880 8603893072837704 128982675347350520 297539782988468028 292569172593612443 196632706194419632 111467908985946464 58480679284439309 29602969595822067 14735911625626613 7276932627162891 3579452162597984 1757118787417257 861548730347511 422108717305856 206685385955584 101150103709040 49476952654217 24189027745799 11819702091776 5772426149888 2817496543232 1374389139456 670014822656 326417500672 158913787568 77309410952 37580963789 18253611003 8858370048 4294967296 2080374784 1006632960 486539264 234881024 113246208 54525952 26214400 12582912 6029312 2883584 1376256 655360 311296 147456 69632 32768 15360 7168 3328 1536 704 320 144 64 28 12 5 2 1 
1 6557470319841 15825923251983774 249381968808260818 590229401215415200 588008544846211822 397784417782966304 226252665677425408 118915950362517346 60259309350758174 30017300111988792 14831160567172680 7298646607795904 3584370215541618 1758226009489358 861796468332544 422163778010880 206697532515376 101152760792240 49477528322080 24189151084544 11819728175104 5772431581184 2817497653248 1374389361152 670014865664 326417508704 158913788992 77309411186 37580963823 18253611007 8858370048 4294967296 2080374784 1006632960 486539264 234881024 113246208 54525952 26214400 12582912 6029312 2883584 1376256 655360 311296 147456 69632 32768 15360 7168 3328 1536 704 320 144 64 28 12 5 2 1 
1 10610209857722 29109861884858853 482096816169034796 1170541041659531036 1181449077273132247 804470402518046273 459095654249424383 241729017948955441 122622192332882640 61124744487664020 30216707327264108 14876726435081344 7308992849088604 3586705897684772 1758750199050240 861913366920448 422189664896256 206703219969416 101153999159415 49477795184641 24189207904256 11819740102656 5772434042880 2817498150912 1374389459200 670014884352 326417512112 158913789576 77309411277 37580963835 18253611008 8858370048 4294967296 2080374784 1006632960 486539264 234881024 113246208 54525952 26214400 12582912 6029312 2883584 1376256 655360 311296 147456 69632 32768 15360 7168 3328 1536 704 320 144 64 28 12 5 2 1 
1 17167680177564 53543730949218212 931842107437304903 2320846817109832728 2373159266903723725 1626473791553723540 931285624142656752 491228193999160463 249445205865486464 124428159515727584 61541778291695136 30312216632373760 14898464809204040 7313913115245753 3587813312786431 1758997953040384 861968428865792 422201811543408 206705877057929 101154574827527 49477918523392 24189233987584 11819745533952 5772435152896 2817498372608 1374389502208 670014892384 326417513536 158913789810 77309411311 37580963839 18253611008 8858370048 4294967296 2080374784 1006632960 486539264 234881024 113246208 54525952 26214400 12582912 6029312 2883584 1376256 655360 311296 147456 69632 32768 15360 7168 3328 1536 704 320 144 64 28 12 5 2 1 
